-0.4
-0.3888888888888889
-0.2
0.12222222222222223
0.5
0.125
-0.20833333333333331
0.0
0.5875
-0.5
-0.7708333333333334
0.0
0.0
5.551115123125783e-17
0.0
0.5
0.25
0.2857142857142857
0.0
0.1642857142857143
0.0
-0.2
0.5
-0.10714285714285714
0.0
0.6
0.0
-0.5
0.5
0.0
-1.0
-0.15
0.0
0.0
0.0
0.0
-0.55
0.0
0.0
0.0
-0.23958333333333334
0.0
-0.5
0.0
-0.6
0.0
0.0
0.0
0.05
0.5
0.0
0.0
0.2
0.0
0.6
-1.0
0.0
0.5
0.10486111111111115
0.1
0.0
0.0
0.0
0.125
0.0
0.0
0.5
-0.8
0.0
-0.19999999999999998
0.022222222222222213
0.0
0.2
0.0
0.1
0.0
0.0
0.0
-0.2
0.0
0.0
0.0
0.25
0.0
0.05
0.3
0.0
0.0
0.0
0.3
0.0
0.0
-0.05
0.19999999999999998
0.0
-0.2
0.6
0.0
0.4
0.26658380681818183
-0.125
0.2333333333333333
0.1
0.6
0.0
0.1642857142857143
0.55
0.0
0.45
0.0
0.0
0.175
0.0
0.1642857142857143
0.1
-0.25
0.0
0.0
0.0
0.0
0.0
0.5000000000000001
0.0
-0.2
0.0
0.0
0.0
0.125
0.8
-0.375
0.10000000000000003
0.0
0.1
-0.01666666666666668
0.2857142857142857
0.0
0.0
0.0
-0.625
-0.125
0.16666666666666666
0.0
-0.36296296296296293
-0.05
0.1
-0.234375
-0.16666666666666666
0.15625
0.0
0.0
-1.0
-0.2
0.0
0.0
0.0
0.0
-0.0625
-0.2
0.5
-0.125
0.1
0.0
0.3
0.0
0.0
-0.1875
-0.15
-0.3125
0.6
0.0
-0.3
0.5
0.5
0.5
0.0
0.2857142857142857
0.0
0.0
-0.125
0.0
0.0
0.1
0.0
0.1642857142857143
0.0
0.2
0.0
0.0
0.1
0.0
0.2857142857142857
-0.16666666666666666
0.0
0.0
0.0
0.1
0.6
0.0
-0.4
0.0
0.0
0.5
0.0
0.0
-0.16666666666666666
0.15625
0.65
0.0
0.8
0.09375
0.0
0.0
0.04464285714285714
0.1
0.0
0.0
-0.03181818181818183
0.0
0.0
0.0
0.0
-0.3
0.0
0.0
0.10000000000000002
0.0
0.0
0.0
0.0
0.0
0.15
0.0
0.0
0.0
-0.14583333333333334
0.1642857142857143
0.6
0.35
0.0
0.0
0.5
0.08750000000000002
0.14630681818181818
-0.625
0.0
0.125
0.0
0.0
0.0
0.0
0.39999999999999997
0.0
-0.25
0.0
-0.29999999999999993
0.08750000000000002
0.6
0.0
0.10000000000000003
0.6499999999999999
0.03999999999999998
-0.18472222222222223
1.0
-0.26666666666666666
-0.04375
0.1642857142857143
0.6
0.0
0.0
0.8
0.0
0.3
-0.1
0.15
0.55
-0.16666666666666666
0.0
0.0
0.16666666666666666
0.5
-0.5
0.0
-0.03333333333333336
0.125
-0.16666666666666666
0.0
0.5
-0.15
0.42000000000000004
-0.029166666666666636
0.0
0.0
0.1
0.0
0.0
0.0
-0.7
-0.15
0.14285714285714285
-0.4
0.0
0.27499999999999997
0.8125
-0.175
0.25
0.0
0.0
0.3666666666666667
0.0
-0.4
0.0
0.6072727272727272
0.02500000000000001
0.0
0.2857142857142857
0.0
-0.125
-0.2
-0.2
0.8
0.0
-0.2
0.0
0.0
0.0
-0.9765625
-0.43333333333333335
0.1642857142857143
0.0
0.15
0.19513888888888886
0.0
-0.2
0.0
0.0
0.0
0.5
0.0
0.0
0.0
0.5000000000000001
0.0
0.0
0.0
0.0
0.0
-0.4
0.9765625
-0.1
0.0
0.0
-0.3
0.1
0.55
0.0
0.1
0.0
0.0
0.1
0.8
0.0
0.15000000000000002
0.1
0.4
0.5
0.8255208333333334
-0.16666666666666666
0.0
0.0
0.0
-0.03333333333333336
0.65
0.0
0.5
0.0
0.024999999999999994
0.0
-0.2
0.0
0.0
0.0
0.0
0.0
0.5
0.13636363636363635
-0.5
0.0
0.0
0.0
0.42857142857142855
0.5
0.5
0.0
-0.15
0.0
-0.3666666666666667
0.0
-0.05
0.25
-0.16666666666666666
0.178125
0.8
0.1
0.0875
0.1642857142857143
0.0
0.05833333333333329
0.0
0.0
0.0
0.0
0.425
0.0
0.225
0.0
0.2857142857142857
0.0
0.1642857142857143
0.10486111111111115
0.0
-0.1625
0.0
0.26666666666666666
0.1642857142857143
0.1
0.0
-0.16666666666666666
-0.5
0.0
0.13636363636363635
0.0
0.5000000000000001
-0.4000000000000001
0.1
0.21111111111111114
0.0
0.7
0.5
-0.25
-0.8
0.0
0.0
0.5
-0.2
0.0
0.0
0.6666666666666666
0.78125
0.5
0.0
0.0
-0.6
0.8
0.4166666666666667
0.1
0.0
0.1
0.4166666666666667
0.0
0.5
0.0
0.2857142857142857
0.0
0.2346413352272727
-0.2
-0.05
0.0
0.1
0.0
0.0
0.2857142857142857
-0.16666666666666666
0.0
0.0
0.1
-0.24999999999999997
0.4
0.0
0.2
0.0
0.0
0.5
0.0
-0.2
0.125
0.0
0.5
0.3666666666666667
0.0
-0.275
0.0
-0.4
0.0
0.0
0.19513888888888886
0.0
0.0
0.0
0.0
0.0
0.0
0.0
-0.2
0.4125
0.0
-0.0625
-0.125
0.0
0.0
0.0
-0.325
-0.2
-0.125
0.1642857142857143
0.0
0.4
0.0
0.55
-0.0625
-0.35714285714285715
0.0
0.5
0.5
0.1
0.5416666666666666
-0.3
0.0
0.033333333333333326
0.0
0.0
-0.5
0.0
0.0
-0.3
-0.78125
0.0
0.5
0.16666666666666666
0.1
-0.0625
0.0
0.0
0.1642857142857143
0.0
0.5
0.0
0.25
0.0
0.0
0.2833333333333333
-0.4
0.0
0.0
0.0
0.3
0.0062500000000000056
0.2
0.0
0.5
0.2857142857142857
0.0
0.2
0.4
0.0
0.0
0.0
0.0
0.8
-0.25
0.0
0.55
0.0
-0.16666666666666666
-0.2
-0.6
0.037500000000000006
-0.4
-0.4
-0.16666666666666666
0.0
0.32857142857142857
-0.025
0.0
0.0
-0.16666666666666666
0.175
-0.125
0.32857142857142857
0.0
0.7
-0.2
-0.05833333333333333
0.0
0.4
0.0
0.0
0.0
0.0
0.0
-0.19999999999999998
0.0
-1.0
-0.17499999999999996
-0.125
0.5
0.8
-0.125
0.0
0.0
-0.037500000000000006
0.0
0.0
0.5
-0.5
0.0
0.1
0.0
-0.4
-0.16666666666666666
0.0
0.0
0.0
0.4
0.16666666666666666
-0.43333333333333335
0.0
0.1
0.0
-0.16666666666666666
-0.2
0.0
0.0
0.0
-0.6
-0.6999999999999998
1.0
0.0
-0.05
0.5
0.6
0.0
0.0
0.0
0.10714285714285714
0.1
0.5
-0.25
0.5
0.1
0.6
0.0
-0.05
0.0
0.0
0.0
-0.6
0.5333333333333333
-0.10000000000000002
0.0
-0.11999999999999997
0.4166666666666667
0.5
0.1
0.8
-0.26666666666666666
0.2
0.7
-0.2
0.1642857142857143
0.0
0.625
-0.25
0.0
0.5
-0.2
0.1
-0.041666666666666664
0.0
0.0
0.3333333333333333
0.0
-0.3333333333333333
0.0
0.0
0.0
0.0
0.1
0.0
0.5
0.5
1.0
0.0
0.0
-0.16666666666666666
0.1
0.0
0.3
0.45
0.0
0.0
0.0
0.8
0.0
-0.3333333333333333
0.0
0.25
0.0
-0.16666666666666666
-0.2
0.0
0.0
-0.1
0.1625
0.6
-0.16666666666666666
0.0
-0.125
0.43333333333333335
-0.2
-0.125
0.35
-0.4
0.3
-0.375
0.0
-0.8
0.0
0.0
0.2857142857142857
-0.375
0.0
0.0
0.0
0.25
-0.5
0.1
0.3
0.0
-0.4444444444444444
0.0
0.0
0.0125
0.0
0.4
0.0
0.5
0.2857142857142857
0.0
0.0
0.0
-0.16666666666666666
0.0
0.0
-0.16666666666666666
0.0
0.5
0.0
0.0
-0.2
0.5
-0.16666666666666666
0.0
0.0
0.0
0.0
0.0
0.45
0.0
-0.06666666666666667
0.6000000000000001
-1.0
-0.2
0.0
0.0
0.0
0.0
0.0
0.0
0.4
0.0
0.0
0.0
0.0
0.0
-0.16666666666666666
0.0
1.3877787807814457e-17
0.0
0.0
0.0
0.8
0.0
0.0
0.0
0.0
0.0
-0.16666666666666666
-0.16666666666666666
-0.15555555555555556
0.0
0.0
-0.7
0.0
-0.25
0.0
0.0
0.0
0.0
-0.2
0.0
0.0
0.0
0.0
0.5
0.13636363636363635
0.0
0.10486111111111115
-0.25
0.0
0.6
0.0
-0.19999999999999998
0.8
0.0
-0.625
0.1642857142857143
0.0
0.0
-0.2
0.0
0.0
0.1642857142857143
0.5
0.8
0.0
0.19999999999999998
0.0
0.0
0.1
0.1
0.1
-0.16666666666666666
0.0
0.0
-0.45
0.0
0.0
0.0
0.0
0.13636363636363635
0.0
0.0
0.0
0.25
-0.16666666666666666
0.1
0.5
0.0
0.25
0.5
0.0
-0.125
-1.0
-0.5
0.5
0.0
-0.3402777777777778
0.0
0.0
-0.4
-0.3125
0.0
-0.0875
0.0
0.1642857142857143
0.2
0.1
0.4
0.0
0.10486111111111115
-0.25
0.0
-0.2
0.1642857142857143
0.3
0.0
0.0
-0.5
0.0
-0.2
0.3
0.0
-0.125
0.0
0.48828125
-0.16666666666666666
0.0
0.0
0.0
0.0
-0.24166666666666667
0.0
0.14285714285714285
-0.4
0.4
0.25
0.0
0.0
-0.4
0.0
0.0
0.10714285714285714
0.1
0.0
0.3666666666666667
-0.16666666666666666
0.0
0.2722222222222222
0.09999999999999999
0.0
0.1
0.6
-0.7999999999999999
0.0
0.0
-0.15
0.0
0.0
0.0
-0.45
-0.2
0.5
0.0
-0.27499999999999997
-0.16666666666666666
0.5
0.075
0.0
0.0
-0.2
0.25625
-0.25
0.0
-0.2
-0.1
0.0
-0.1875
0.09999999999999999
0.5
0.43333333333333335
0.0
-1.0
0.1642857142857143
0.0
0.15416666666666665
-0.0625
0.0
0.625
-0.8
0.0
0.0
0.0
0.0
0.0
-1.0
0.0
-0.16666666666666666
0.0
0.0
0.30000000000000004
-0.3
0.0
0.0
0.0
0.6
0.5
0.0
0.0
0.4
0.35
-0.4
0.0
-0.1
0.7
0.0
0.0
0.0
0.16666666666666666
0.0
0.0
0.0
-0.5
0.0
0.43333333333333335
-0.2
0.0
0.3
-0.24166666666666667
0.0
0.2
0.0
-0.26666666666666666
0.0
0.0
-0.1
0.36666666666666664
0.5
0.0
0.5
0.0
-0.59296875
0.5
0.5
0.0
0.0
0.3
-0.25
0.01111111111111109
0.25
0.0
0.25
0.5
-0.8
0.0
0.0
0.25
0.0
0.2
-0.2
-0.1
0.0
0.3
0.0
0.0
0.0
-0.1714285714285714
0.5
0.0
0.0
0.3
0.0
-0.75
0.0
0.25
0.0
0.10486111111111115
0.4
-0.175
-0.16888888888888887
0.0
0.0
0.0
0.5
0.25
0.0
-0.3
0.4
0.0
-0.6
0.2857142857142857
0.6
0.0
0.0
0.39999999999999997
0.0
0.15000000000000002
0.1
0.0
0.5
0.0
0.0
0.0
0.5
0.0
-0.29285714285714287
-0.55
0.0
0.022222222222222213
-0.2
-0.08
0.0
0.0
0.125
-0.1
-1.0
-0.2
0.0
0.2
0.0
0.0
0.0
0.0
0.0
-0.1875
0.3
0.0
0.25
0.43333333333333335
0.0
-0.25
-0.75
0.35
0.0
-0.2
0.0
0.0
0.04999999999999999
0.0
0.0
0.39999999999999997
0.5
0.0
0.1642857142857143
0.0
0.0
0.5
0.375
0.0
0.5
0.0
0.1
0.1642857142857143
0.5
-0.43999999999999995
0.0
0.2
0.55
-0.16666666666666666
0.0
0.0
0.25
0.5
0.1
0.25
-0.55
0.0
0.1
0.13636363636363635
-0.5
0.8
0.25
-0.125
0.0
0.25
-0.2125
0.0
-0.45625
0.5
0.0
0.0
0.0
0.1444444444444445
-0.6
0.0
0.0
0.5
0.0
-0.08333333333333333
-0.2
0.025
0.0
0.0
-0.2
0.0
0.0125
0.0
0.0
1.0
0.0
0.6000000000000001
0.25
0.0
0.6
0.3875
0.0
0.0
0.36666666666666664
0.0
0.0
0.0
0.5
0.0
0.0
0.0
-0.375
0.15
0.5
0.05
-0.0625
0.3
0.0
0.0
0.0
0.0
0.0
0.0
0.0
0.0
-0.3666666666666667
0.0
0.375
0.0
0.0
-0.5
0.0
0.0
0.0
0.0
0.5
0.0
0.09523809523809523
0.0
0.0
-0.1625
0.0
0.0
0.8
0.0
-0.5
-0.0625
0.025
0.5
0.0
1.0
0.7
0.023809523809523808
0.25
0.0
0.0
-0.1777777777777778
0.5
0.0
0.0
0.0
0.0
0.0
-0.13333333333333333
-0.26851851851851855
0.5
0.0
0.2857142857142857
0.0
0.43333333333333335
0.0
0.0
0.0
0.0
0.13636363636363635
0.1
0.5
0.2257142857142857
0.5
0.0
-0.2
0.0
0.1
0.3416666666666667
0.0
0.25
0.0
0.08333333333333333
-0.13333333333333333
-0.14375
0.8666666666666667
0.7333333333333334
0.5
0.25
0.0
-0.1
0.2
0.0
-0.25
0.0
0.0
0.0
0.0
-0.1625
0.0
0.0
0.3
0.3666666666666667
-0.4
0.5
-0.6999999999999998
-0.15
-0.024999999999999994
0.0
0.0
0.0
0.0
0.2
0.0
0.5
-0.6
0.0
0.5
0.0
0.5
-0.2
0.0
-0.25
0.0
0.25
0.0
0.0
0.3166666666666667
-0.2
0.2333333333333333
-0.125
0.3
0.0
0.0
0.0
0.0
-0.4
0.4
0.0
0.0
0.0
0.15000000000000002
0.0
-0.1
0.175
0.0
0.0
-0.4
-0.4
-0.4
0.0
-0.6000000000000001
0.49523809523809526
-0.2
0.0
0.0
0.625
-0.45
0.0
0.09999999999999999
-0.125
0.5
0.0
-0.4
-0.19166666666666665
0.3
0.0
0.5
0.4125
0.0
0.0
0.0875
0.0
0.0
0.0
0.0
0.0
0.0
-0.2
0.0
-0.15000000000000002
0.5
0.0
0.5
0.0
-0.125
0.0
0.9
-0.4374999999999999
-0.5
0.0
0.0
0.0
0.2
0.0
0.17045454545454544
0.0
-0.2
0.0
0.8
0.0
0.0
-0.45
-0.2
0.1
0.0
-0.2
0.0
0.8
0.0
-0.4
0.0
0.1
-0.0625
0.1952380952380952
0.625
-1.0
0.42000000000000004
0.03273809523809523
-0.9765625
0.0
-0.8
0.2
0.25
0.0
0.0
0.0
0.1642857142857143
-0.16666666666666666
0.0
0.5
0.35
0.2857142857142857
-0.4
0.1
0.016666666666666677
-0.9765625
0.19166666666666665
0.15625
0.0
0.0
0.0
0.25
-0.4
0.1
0.175
-0.19999999999999998
0.0
0.5416666666666666
-0.3125
-0.08333333333333333
0.0
0.0
0.2
0.0
0.0
-0.6999999999999998
0.0
-0.2
0.0
-0.13333333333333333
-0.2
0.22499999999999998
0.13636363636363635
0.4
0.0
0.2
-0.09999999999999998
0.1
0.0
0.03571428571428571
0.0
0.8
0.21212121212121213
0.0
0.0
0.0
-0.25
0.0
0.0
0.0
0.0
0.0
0.0
0.0
-0.1
0.3
-0.4
0.0
0.3666666666666667
0.0
0.0625
0.5
-0.2041666666666667
0.0
0.0
-0.8
0.175
0.0
-0.2
0.0
0.0
0.3666666666666667
0.5
-0.1796875
0.1
-0.4333333333333333
-0.2
0.0
0.0
0.0
-0.4
0.8
-0.1
0.0
-0.8
0.16666666666666666
0.4317708333333334
0.0
0.4000000000000001
0.0
0.0
0.5
0.0
0.55
-0.5
-0.05
0.8
0.8
0.0
-0.4
0.0
-0.2
0.0
0.0
0.0
0.13636363636363635
0.0
0.0
0.0
0.0
0.2
0.10486111111111115
-0.16666666666666666
0.1
0.0
0.0
0.4
-0.3430555555555556
-0.0625
0.3
-0.125
-0.125
-0.625
5.551115123125783e-17
0.1
0.0
0.0
0.0
-0.1875
-0.1327380952380952
0.0
0.1
-0.5
-0.10714285714285715
0.1
0.0
-0.5
0.8
0.15
0.125
0.0
0.4
0.25
0.0
0.4333333333333333
0.8
0.0
0.0
0.0
0.0
0.0
-0.1
0.4000000000000001
0.2
0.0
0.0
0.39999999999999997
-0.4
-0.125
0.0
-1.0
0.0
0.0
0.1
-0.45625
-0.2
0.19999999999999998
0.0
0.7
0.4
0.18
0.5
0.0
0.16666666666666666
0.35714285714285715
0.13333333333333333
-0.625
0.0
-0.2
0.0
0.0
0.55
-0.25625
0.10486111111111115
0.0
0.0
-0.125
0.0
0.0
0.0
0.0
0.0
-0.4
0.3352272727272727
0.0
0.1
0.0
0.0
0.0
0.0
0.0
0.0
0.0
0.0625
0.0
0.0
0.32499999999999996
0.0
0.5
0.0
-0.2
0.0
0.125
0.1
0.0
-0.2
0.32499999999999996
0.0
0.13636363636363635
0.0
-0.2
0.0
0.2857142857142857
0.0
0.0
-0.6666666666666666
0.5
-0.5
0.0
0.35
0.15
0.0
-0.125
0.48828125
0.0
0.0
0.0
0.0
0.25
-0.15
-0.2
-0.6
0.0
0.48750000000000004
-0.5
0.0
-0.0625
0.78125
0.0
0.0
0.0
-0.4833333333333334
0.0
0.0
0.0
0.0
0.5
0.3125
0.0
-0.35714285714285715
0.48750000000000004
0.0
0.3333333333333333
0.0
0.0
0.8
0.0
0.0
0.0
0.5
-0.5
-0.3
0.13636363636363635
-0.4
-0.45
0.0
0.025000000000000005
-0.2
0.0
-0.25
0.0
0.0
0.0
-1.0
0.3
0.0
0.2857142857142857
-0.3666666666666667
0.4
0.14285714285714285
-0.038888888888888896
0.0
0.0
-0.2
0.0
0.0
0.0
0.32222222222222224
0.0
0.1
0.125
0.0
-0.4
0.0
0.0
0.0
0.0
0.0
0.25
0.25
0.0
-0.022222222222222237
-0.6
0.35
0.05
0.0
0.0
0.4
0.2
0.0
0.0
0.0
0.0
-0.75
0.0
0.16666666666666669
0.0
0.5
-0.29375
0.0
-0.7
0.5
1.0
0.25
0.0
0.0
-0.6999999999999998
-0.9
0.0
0.0
0.0
0.6
-0.0625
0.0
0.0
0.0
0.5
0.32222222222222224
-0.16666666666666666
0.0
1.0
-0.4
0.25
0.0
0.05
0.5
0.0
0.0
0.0
0.0
0.1642857142857143
0.0
0.0
0.0
-0.02285714285714286
-0.16666666666666666
-0.2
0.1642857142857143
0.0
0.0
0.05
-1.0
0.0
0.5
0.08096590909090909
-0.2
0.9099999999999999
0.8
0.0
0.0
-0.022222222222222237
0.0
0.0
-0.4318181818181818
-0.5
0.5
0.2333333333333333
0.0
0.0
0.0
-0.4
-0.125
0.8
-0.07692307692307693
0.3125
-0.75
0.3
0.0
0.0
-0.4
-0.1625
0.5
0.0
0.0
0.16666666666666669
0.0
-0.16666666666666666
0.2
0.25
0.7
0.43333333333333335
0.0
0.0
0.0
-0.19166666666666668
0.0
-0.09999999999999999
0.1
0.0
0.2
0.0
-0.8
0.0
0.0
-0.6999999999999998
0.0
0.1
0.0
0.04999999999999999
0.0
-0.45
-0.5
0.10486111111111115
-0.3
0.0
0.0
-0.2
-0.6
0.0
0.25
0.08333333333333334
0.0
-0.125
0.0
0.2
-0.15
0.0
0.16666666666666666
-0.2
0.4
0.4125
0.0
0.4125
0.4333333333333333
0.0
0.0
0.25
0.0
0.8
0.1
0.0
0.0
0.0
0.21666666666666665
0.15
-0.25
-0.16666666666666666
0.0
0.5
-0.1125
0.1
0.5
0.16666666666666666
0.0625
0.0
0.0
0.0
0.0
-0.4
-0.15
-1.0
0.23333333333333336
0.5
0.0
-0.25
-0.125
0.1642857142857143
0.0
0.0
0.0
0.13636363636363635
-0.3125
0.4
0.0
0.5416666666666666
0.0
0.0
0.0
0.0
-0.5
0.3
0.0
-0.13749999999999998
0.0
0.0
0.25
0.1
0.05
0.0
0.5
0.0
-0.5
0.0
0.0
0.0
0.0
-0.2
0.0
0.125
0.5
0.0
0.10486111111111115
0.36666666666666664
0.0
0.1642857142857143
-0.4
0.3
0.5
0.0
0.0
0.0
-0.2
0.0
0.0
-0.5
0.7
0.0
0.0
1.0
-0.16666666666666666
0.0
0.0
-0.05
-0.13333333333333333
0.0
0.0
-0.5
0.0
-0.24166666666666667
0.5
0.0
-0.2
0.0
0.0
0.0
0.3666666666666667
0.0
0.0
0.1
-0.375
0.0
0.5416666666666666
-0.45
0.0
0.0
0.4125
0.6
0.16
0.32222222222222224
0.0
-0.37083333333333335
0.0
0.0
0.2
0.0
0.13636363636363635
0.0
0.0
0.0
0.0
0.0
0.7
0.0
0.0
0.5
0.0
-0.06666666666666665
0.0
-0.2
0.0
0.25
0.0
0.0
0.0
-0.4
0.35
0.0
0.6
0.1
0.3
0.16666666666666666
0.0
0.0
-0.16666666666666666
0.0
-0.4
0.0
0.0
0.0
-0.125
-0.2
0.0
-0.125
0.2
0.5
0.2857142857142857
-0.5
0.0
0.0
0.1642857142857143
0.0
0.0
0.13636363636363635
0.0
0.0
-0.7999999999999999
0.0
0.0
-0.3666666666666667
-0.3125
0.0
-0.2
0.5
-0.6
0.10486111111111115
0.3666666666666667
-0.2
0.55
0.0
-0.15000000000000002
0.10486111111111115
0.0
0.0
0.0
0.0
0.5
0.0
0.0
0.0
0.0
0.0
0.0
-0.4
0.0
-0.2
-0.5
-0.4
0.0
0.0
-0.08333333333333333
0.4
0.25
0.3458333333333333
0.2857142857142857
-0.15000000000000002
0.3666666666666667
0.5
0.490625
0.0
-0.22000000000000003
0.3352272727272727
0.0
0.0
0.0
0.0
-0.16666666666666666
0.3954545454545455
0.0
0.3666666666666667
-0.4
-0.125
-0.05
0.0
0.5666666666666667
0.2857142857142857
-0.4
0.5
0.8
0.0
0.0
0.0
0.5
0.315
0.0
0.0
0.5
0.024999999999999994
-0.5
-0.16666666666666666
0.5
0.8000000000000002
0.0
-0.09375
0.2857142857142857
0.0
0.0
0.0
0.0
0.0
0.0
0.0
0.0
0.8
0.0
0.0
0.375
0.0
0.0
0.0
0.0875
0.175
-0.2
0.0
0.0
-0.5
0.32222222222222224
-0.6333333333333333
0.0
0.0
0.5
0.0
0.2833333333333333
0.0
-0.2
0.25
0.0
-0.3125
0.6000000000000001
0.0
-0.16666666666666666
0.5
-0.16666666666666666
0.10000000000000002
0.0
-0.05
0.0
0.5
0.2857142857142857
0.0
0.0
0.5
-0.375
-0.20000000000000004
0.8000000000000002
0.0
0.0
0.14285714285714285
-0.12142857142857144
0.0
-0.3125
0.0625
0.0
0.0
0.0
0.0
0.1642857142857143
0.0
0.5
-0.023809523809523808
0.0
0.0
0.0
0.2
0.0
0.5
0.16
0.0
0.0
-0.21527777777777776
-0.35
0.0
0.4166666666666667
0.0
-0.16666666666666666
0.0
0.0
0.08184523809523808
0.0
0.009523809523809526
0.0
0.0
0.0
0.0
0.5
0.0
0.0
-0.6999999999999998
0.0
-0.4
0.0
-0.2
0.0
0.0
0.0
-0.15000000000000002
0.2
0.8
-0.125
0.0
-0.39999999999999997
0.5
0.0
-0.15000000000000002
0.0
1.0
0.0
-0.45
-0.2
0.0
0.0
-0.2
0.3352272727272727
0.0
0.36666666666666664
-0.16666666666666666
0.0
0.0
0.0
0.0
0.0
-0.5
0.0
-0.225
0.8
0.3
0.0
0.0
0.0
0.0
0.0
0.1
0.25
0.0
0.3
0.44999999999999996
0.0
-0.7
0.0
0.4
0.0
0.0
-0.2
0.2
-0.26666666666666666
0.08184523809523808
0.32857142857142857
-0.13333333333333333
0.10714285714285714
0.0
0.1
0.3625
0.0
0.9
0.125
0.0
0.0
0.0
0.0
0.15
0.5
0.0
0.0
0.2
0.0
-0.16666666666666666
-0.7
0.0
-0.19444444444444448
-0.02777777777777779
0.0
-0.8
-0.4
0.0
0.1642857142857143
0.0
-0.15555555555555559
0.0
-0.3499999999999999
-0.25
-0.13333333333333333
0.6
0.0
0.8
0.1
0.10714285714285714
0.13636363636363635
0.275
0.10714285714285714
0.2
-0.0625
0.0
0.0
-0.17857142857142858
0.10625000000000001
0.0
0.0
-0.16666666666666666
0.8
0.16666666666666666
-0.375
0.0
-0.08333333333333333
0.0
0.0
0.1
-0.020833333333333336
1.0
0.24285714285714285
-0.16666666666666666
0.0
0.1
0.25
0.0
0.25
0.17045454545454544
0.0
0.3
0.0
0.0
0.10714285714285714
0.3666666666666667
-0.7
0.0
0.0
-0.4
0.21250000000000002
0.0
0.0
-0.2921875
-0.2
0.0
-0.025
-0.2
0.0
-0.2
0.1
-0.16666666666666666
0.25
0.0
0.0
0.0
0.5
-0.35
0.05486111111111111
0.0
-0.8
0.05
0.0
0.1642857142857143
0.0
0.25833333333333336
0.0
0.0
0.0
-0.5
-0.3666666666666667
0.2857142857142857
0.0
1.0
0.16666666666666666
0.0
0.0
0.0
-0.2
-0.1
0.5
0.25
-0.2
0.0
0.25
0.1
0.0
0.0
0.0
-0.125
0.55
0.0
0.1642857142857143
-0.7999999999999999
0.0
0.0
0.0
0.5
-0.16666666666666666
0.21428571428571427
0.0
0.0
0.0
0.16666666666666666
0.25
0.55
0.0
0.0
0.0
-0.6999999999999998
-0.2
0.09999999999999999
-0.8
0.0
0.0
0.0
0.0
0.0
0.0
-0.2
0.0
0.08184523809523808
0.0
0.0
-0.16666666666666666
0.0
0.5
0.0
0.0
-0.16666666666666666
0.9765625
0.0
0.8
0.8
0.0
-1.0
0.0
0.0
0.0
0.4
0.0
-0.5
0.8
0.0
0.0
0.1
-0.2
0.0
0.0
0.0
0.2708333333333333
0.25
0.5071428571428571
0.0
-0.5
0.1625
0.5
0.75
-0.16666666666666666
0.0625
0.0
-0.007916666666666683
0.0
-0.0625
-0.4
0.3
0.0
0.5
0.0
-0.24583333333333335
0.2857142857142857
0.0
0.3681818181818182
0.0
0.08148148148148147
0.0
-0.17361111111111113
0.0
-0.175
0.0
0.0
0.0
0.0
0.0
0.0
0.0
-0.2
0.0
0.0
0.25
0.0
0.0
0.0
0.0
0.0
0.05
0.0
0.5
0.0
0.0
0.0
0.0
0.0
0.20909090909090908
0.0
-0.15000000000000002
-0.25
0.4
0.0
0.1642857142857143
-0.4
0.0
0.3666666666666667
0.0
-0.31875000000000003
-0.03749999999999999
0.5
0.0
0.1
0.0
0.0
0.32222222222222224
0.0
-0.2
0.0
0.0
0.0
-0.6
0.0
0.5
0.0
0.0
0.3
-0.0625
0.45
0.08184523809523808
0.0
0.15
-0.25
0.0
0.18333333333333335
-0.15000000000000002
0.0
-0.5
-0.4
0.0
0.0
-0.5
-0.25
-0.16666666666666666
0.0
-0.5666666666666667
0.8
0.0
0.0
-0.016666666666666663
0.0
-0.06666666666666665
0.06666666666666667
-0.2
0.0
0.0
0.042857142857142844
-0.2
-0.2
-0.020833333333333336
0.26666666666666666
0.0
0.3352272727272727
0.0
-0.0625
0.0
0.0
0.6
0.0
0.1642857142857143
0.3
0.175
0.0
-0.2
-0.3125
0.0
0.2
-0.15625
0.0
0.0
-0.8125
0.0
0.0
0.0
0.0
-0.10714285714285715
0.25
0.0
-0.16666666666666666
0.0
0.13333333333333333
0.0
0.25
0.5
0.09999999999999999
0.0
0.0
-1.0
0.0
0.0
-0.2318181818181818
-0.16666666666666666
0.0
0.0
0.0
0.8
-0.2
-0.2
0.1642857142857143
-0.2
0.0
0.0
-0.2
0.8
0.5
-0.17962962962962967
0.3666666666666667
0.2857142857142857
0.55
0.8
0.2
-0.25
0.0
-0.4
0.0
0.25
-0.1
0.11000000000000001
-0.10370370370370373
0.0
-0.5
0.25
0.5
0.0
-0.8
0.2857142857142857
-0.0625
-0.16666666666666666
0.2857142857142857
0.0
0.0
0.36666666666666664
-0.13333333333333333
0.0
-0.4
0.0
0.0
-1.0
0.0
0.4125
0.0
0.4171428571428571
-0.3
0.0
0.0
0.0
0.5
-0.15555555555555559
-0.06666666666666665
-0.3444444444444445
0.0
0.0
0.1642857142857143
0.0
-1.0
0.0
-0.21190476190476187
-0.16666666666666666
0.0
0.0
0.0
-0.15555555555555559
0.15
0.13636363636363635
0.5
0.30625
0.0
0.5
0.0
-0.4385416666666667
0.0
0.3111111111111111
-0.16666666666666666
0.1
0.4
-0.15000000000000002
0.5
0.0
0.16666666666666666
-0.06666666666666665
0.0
0.2
-0.16666666666666666
0.1
0.0
-0.5
-0.4
0.08184523809523808
0.5333333333333333
0.09999999999999998
0.0
0.16666666666666666
-0.13636363636363635
-0.48828125
0.0
0.0
-0.07777777777777779
0.0
0.1
-0.4
0.0
0.0
0.1
0.6
0.8
-0.2
-0.21875
0.0
0.0
0.1642857142857143
0.0
0.8
-0.21875
0.16666666666666666
0.125
-0.07500000000000001
0.0
-0.16666666666666666
0.0
0.13
0.0
0.0
0.5
-0.21875
0.0
0.0
-0.2
0.0
0.3458333333333333
0.0
-0.2
0.0
0.0
0.1
0.0
-0.1830357142857143
-0.06666666666666665
0.3666666666666667
0.0
-1.0
-0.21875
0.5
0.0
0.0
0.0
-0.7083333333333334
0.0
-0.5
0.0
-0.09999999999999995
0.13636363636363635
0.0
0.55
-0.21875
-0.4
0.0
0.4
0.05000000000000001
0.1
0.1642857142857143
1.0
0.025
0.4
0.0
0.43333333333333335
0.0
0.0
-0.2
-0.2
-0.16666666666666666
0.1
0.16666666666666666
0.0
0.6
0.5
-0.025
0.0
0.5
0.5
-0.037500000000000006
0.0
0.3
-0.16666666666666666
0.09999999999999999
0.0
0.1
0.3
0.0
0.5
0.0
-0.21875
0.3681818181818182
0.0
0.15000000000000002
-0.03749999999999999
0.08184523809523808
0.0
0.55
-0.008333333333333338
-0.07500000000000001
0.0
0.0
0.0
-0.4000000000000001
0.0
0.0
0.0
0.0
0.0
0.10486111111111115
0.3352272727272727
0.32222222222222224
-0.16666666666666666
0.09398148148148149
-1.0
0.3
0.31666666666666665
0.0
0.0
-0.78125
0.275
0.10714285714285714
0.0
0.18749999999999994
-0.16666666666666666
0.0
0.0
0.0
0.0
0.0
-0.2
-0.05
0.0
0.0
0.0
0.0
-0.2
-0.4
0.65
0.0
0.0
-1.0
0.4
0.0
0.0
0.55
0.0
0.0
0.0
0.5
-0.175
0.1642857142857143
-0.7999999999999999
-0.00785714285714285
0.4
0.0
0.0
0.3681818181818182
0.4
0.0
-0.6
0.0
-0.5
0.0
-0.7708333333333334
0.0
-0.03749999999999999
0.0
0.0
0.0
0.04999999999999999
-0.2
-0.8
0.05
-0.07777777777777779
0.0
0.1
0.25
0.06666666666666665
0.3666666666666667
-0.05
0.0
-0.8
0.0
0.24242424242424243
0.05277777777777778
0.25
0.0
0.8
0.7
0.0
0.13333333333333333
-0.175
-0.9375
0.6166666666666667
0.125
0.0
0.3181818181818182
0.0
0.125
0.0
0.0
-0.06666666666666665
-0.2
0.30625
0.0
0.0
0.0
0.0
0.0
-0.08333333333333333
-0.16666666666666666
-0.175
0.3
0.0
-0.6666666666666666
0.0
-0.5
-0.275
0.0
0.0
-0.16666666666666666
0.0
0.0
0.4
0.0
-0.17962962962962967
0.0
0.6
0.0
0.4
-0.13333333333333333
-0.2
-0.26666666666666666
0.0
-0.175
0.0
0.6
0.35
-0.1625
0.2
0.0
0.0
0.0
0.05277777777777778
0.0625
0.0
0.0
0.0
0.0
-0.21833333333333335
0.0
0.0
0.15
0.1
0.0
0.0
0.0
0.4
0.0
0.0
0.0
0.0
-0.65
0.0
0.0
-0.175
0.0
0.0
0.0
0.55
0.4
0.0
0.0
0.0
0.0
0.0
-0.4
0.0
-0.19583333333333333
0.365625
0.0
-0.125
0.0
0.0
-0.2041666666666667
0.16666666666666666
0.0
0.15
0.3333333333333333
0.0
0.55
-0.5
0.0
0.5
0.0
-0.6
0.1
-0.2
0.0
0.0
-0.3
-0.4
0.0
0.0
0.5000000000000001
-0.3416666666666666
0.0625
0.175
-1.0
0.0
-0.2
0.0
0.55
0.0
0.3352272727272727
0.0
0.08333333333333333
-0.5
0.0
0.0
0.0
-0.175
0.15000000000000002
0.0
0.3666666666666667
-0.26666666666666666
0.1642857142857143
0.0
0.0
-0.1625
0.0
0.0
0.17045454545454544
-0.13749999999999996
-0.6
-0.16666666666666666
0.25
0.5
0.8
0.55
0.0
-0.04999999999999999
0.0
0.625
0.2857142857142857
-0.2
0.0
0.6
-0.2
0.0
0.0
0.0
-0.4
0.0
0.0
0.3666666666666667
0.3666666666666667
0.13636363636363635
-0.2
0.4166666666666667
0.32222222222222224
0.0
-0.16666666666666666
-0.5
-0.2
0.39583333333333337
-0.21875
0.6
0.0
0.44285714285714284
0.0
0.0
-0.30476190476190473
-0.5
0.0
0.0
-0.15555555555555559
-0.2
0.8
0.0
0.0
-0.2
-0.21875
-0.4
-0.8
0.1
-0.25
0.8
-0.2
0.09999999999999998
-0.26666666666666666
0.0
0.5
-0.125
0.0
-0.16666666666666666
0.0
0.0
0.0
0.3352272727272727
-0.2
0.0
0.0
0.5
-0.2
0.0
-0.05
-0.05000000000000001
0.25
0.16666666666666666
-0.2
0.0
0.0
0.0
-0.125
-0.51
0.0
-0.21875
0.0
-0.16666666666666666
0.6
-0.2
-0.3
0.3
0.0
0.5
0.0
-0.2
-0.4
0.0
-0.2
0.5
0.5
-0.25
0.36818181818181817
0.0
-0.45000000000000007
0.0
-0.15000000000000002
0.1
0.5
0.0
0.0
0.6
-0.125
0.0
0.55
0.3181818181818182
0.1
-0.2
-0.23750000000000002
0.0
0.4625
0.0
0.475
0.10714285714285714
-0.4
0.0
-1.0
-0.2
0.0
0.0
0.5
0.0
0.0
0.0
0.25
-0.175
0.0
0.0
0.0
-0.78
0.13714285714285718
0.0
0.0
0.0
0.0
0.5
0.04999999999999999
0.0
0.3499999999999999
0.0
-0.06666666666666667
-0.21875
0.0
0.5
0.0
0.1642857142857143
-0.06190476190476187
-0.4
0.0
0.0
