0.0
0.5
0.0
0.5
0.5
0.0
0.0
0.0
0.0
0.0
0.0
0.0
0.5
0.5
0.022222222222222213
0.0
0.16666666666666666
0.55
0.4
0.0
0.0
0.3
0.0
0.0
0.5
0.0
0.5
0.0
0.8
0.05
0.5
0.0
0.0
0.55
0.8
0.0
0.5
0.27499999999999997
0.16666666666666666
0.0
0.0
0.5
0.5
-0.2
0.55
0.0
0.1564275568181818
0.5
0.0
0.0
0.525
0.5
0.515625
0.5
0.0
0.0
-0.5
-0.3666666666666667
0.2090909090909091
0.0
-0.26785714285714285
0.2
0.5
0.5
0.0
0.2
0.5
0.0
0.0
-0.4
-0.35
0.2
0.5
0.5
0.5
0.5
0.0
0.5
0.125
0.55
0.0
0.0
0.0
0.5
0.5
0.5
-0.08333333333333333
0.0
0.2589285714285714
0.0
0.0
0.0
0.0
0.056818181818181816
0.056818181818181816
0.0
0.0
0.05
0.3
0.5
0.5
0.0
0.0
-0.25
0.0
0.07301587301587302
0.0
-0.4
0.1
0.5166666666666666
0.5
-0.3402777777777778
0.0
0.15000000000000002
0.0
-0.2
0.0
0.0
0.0
0.09999999999999999
0.0
0.0
-0.7142857142857143
0.5
0.0
0.09999999999999998
0.65
0.0
0.5
0.5
0.5
0.0
0.2
0.0
0.11666666666666665
0.5
0.5
0.0
0.0
0.0
0.0
0.0
0.0
0.5
0.6
0.5
0.55
0.5
0.0
0.2
0.5
0.0
-0.05
0.5
-0.05
0.0
0.0
0.5
0.0
0.0
0.5
0.0
-0.4
0.0
0.0
0.5
-0.25
0.025
0.5
0.0
0.5
0.0
0.5
0.13636363636363635
0.5
-0.7142857142857143
0.5
0.0
0.5
-0.024999999999999994
0.5
0.0
0.0
-0.05
0.15000000000000002
-0.6000000000000001
0.0
-0.05
0.0
0.5
0.0
-0.05
0.5
0.17045454545454544
-0.05
0.0
-0.05
-0.45
0.0
0.0
0.0
0.5
0.33809523809523806
-0.8
0.5
0.55
-0.5
-0.25
-0.3833333333333333
0.25
0.0
0.0
0.0
-0.4
0.5
0.0
0.3352272727272727
0.5
0.0
0.8
0.5
0.0
0.5
0.5
-0.6
0.0
0.5
-0.05
-0.7
0.0
0.5
-0.05
0.0
0.0
0.5
0.5
0.08096590909090909
0.5
0.8
0.5
-0.6
0.4333333333333333
0.0
0.5
0.5
0.0
0.5
0.0
0.0
-0.16666666666666666
0.4166666666666667
0.5
0.0
0.0
0.2857142857142857
0.5
-0.05
-0.3666666666666667
0.5
0.5
-0.25
0.5
0.5
0.0
0.39124999999999993
0.0
0.2857142857142857
0.5
0.0
0.5
0.2857142857142857
0.5
0.0
0.0
0.0
0.5
-0.3833333333333333
0.0
0.0
0.3666666666666667
0.0
0.0
0.25
-0.7
0.5
0.0
-0.7
0.0
0.8
-0.3666666666666667
0.5
0.0
0.0
0.0
0.55
0.55
-0.125
0.0
0.8
0.0
0.5
0.5
0.5
0.425
0.0
0.0
0.5
0.0
0.0
-0.4458333333333333
0.0
0.0
-0.4
-0.2318181818181818
0.5
-0.10370370370370373
0.0
0.0
0.0
0.5
-0.18181818181818182
0.4125
0.13636363636363635
0.0
0.5
0.0
0.19507575757575757
0.5
-0.14583333333333331
0.125
0.0
0.8
0.0
0.13636363636363635
0.13636363636363635
0.5
0.13636363636363635
0.55
0.13636363636363635
0.5
0.75
0.2
0.5
0.0
0.55
-0.4
-0.25
-0.05
0.55
0.5
0.0
0.2
0.04999999999999999
0.0
0.13636363636363635
0.13636363636363635
0.13636363636363635
0.5
0.0
0.13636363636363635
0.0
0.55
0.0
0.5
0.13636363636363635
0.125
0.55
0.13636363636363635
0.13636363636363635
0.2
0.5
0.13636363636363635
0.2
0.0
-0.3499999999999999
0.13636363636363635
0.0
-0.225
0.5
0.0
-0.575
0.5
0.5
0.5
0.0
0.13636363636363635
0.13636363636363635
0.0
0.5
0.5
0.13636363636363635
-0.05
0.5
